Sezioni; Elettori Residenti; Elettori A.I.R.E.;Totali Elettori
1;632;102;734
2;639;127;766
3;640;68;708
4;784;112;896
5;608;249;857
6;630;288;918
7;598;470;1068
8;525;309;834
9;637;133;770
10;273;31;304
